

FT	 ID	 AT	 WT	 ST	

3	 6	 1	 1	 1
4	 2	 0	 3	 1
5	 22	 4	 1	 0
5	 9	 2	 1	 2
5	 7	 1	 1	 3
6	 27	 5	 1	 0
6	 21	 4	 1	 1
7	 30	 5	 1	 1
7	 23	 5	 1	 1
7	 20	 4	 1	 2
7	 16	 3	 1	 3
7	 10	 2	 1	 4
7	 1	 0	 2	 5
7	 3	 0	 2	 5
8	 32	 5	 2	 1
8	 29	 5	 1	 2
8	 17	 3	 1	 4
9	 39	 6	 1	 2
9	 25	 5	 1	 3
10	 45	 7	 1	 2
10	 33	 5	 3	 2
10	 24	 5	 1	 4
10	 11	 3	 1	 6
11	 50	 8	 1	 2
11	 46	 7	 1	 3
11	 35	 6	 1	 4
11	 19	 4	 3	 4
11	 18	 3	 1	 7
11	 15	 3	 1	 7
11	 14	 3	 1	 7
12	 60	 11	 1	 0
12	 52	 10	 1	 1
12	 31	 5	 5	 2
12	 26	 5	 4	 3
12	 47	 7	 1	 4
12	 43	 7	 1	 4
12	 36	 6	 1	 5
13	 13	 3	 7	 3
13	 49	 8	 1	 4
14	 63	 12	 1	 1
14	 58	 11	 1	 2
14	 41	 7	 1	 6
15	 75	 13	 1	 1
15	 53	 11	 1	 3
15	 51	 8	 1	 6
16	 70	 13	 1	 2
16	 68	 12	 1	 3
16	 56	 11	 1	 4
17	 80	 16	 1	 0
17	 79	 15	 1	 1
17	 38	 6	 10	 1
17	 55	 11	 2	 4
17	 67	 12	 1	 4
17	 59	 11	 1	 5
17	 37	 6	 2	 9
18	 85	 16	 1	 1
18	 71	 13	 2	 3
18	 69	 13	 1	 4
18	 66	 12	 1	 5
19	 77	 14	 1	 4
19	 64	 12	 3	 4
19	 76	 14	 1	 4
19	 72	 13	 1	 5
19	 61	 11	 3	 5
19	 57	 11	 2	 6
20	 89	 19	 1	 0
20	 87	 17	 1	 2
20	 65	 12	 3	 5
20	 62	 11	 1	 8
21	 90	 19	 1	 1
21	 81	 16	 2	 3
21	 86	 16	 1	 4
21	 84	 16	 1	 4
21	 82	 16	 1	 4
23	 95	 20	 1	 2
23	 94	 20	 1	 2
23	 91	 19	 1	 3
23	 74	 13	 3	 7
25	 73	 13	 1	 11
26	 92	 19	 2	 5
28	 101	 25	 1	 2
28	 93	 20	 2	 6
29	 100	 25	 2	 2
29	 99	 25	 1	 3
29	 102	 25	 1	 3
29	 98	 24	 1	 4
31	 97	 22	 1	 8
32	 108	 27	 1	 4
32	 105	 26	 1	 5
32	 96	 21	 1	 10
34	 116	 32	 1	 1
34	 115	 32	 1	 1
34	 117	 32	 1	 1
34	 109	 28	 1	 5
34	 106	 26	 1	 7
35	 113	 32	 1	 2
35	 112	 32	 1	 2
36	 119	 33	 1	 2
37	 110	 29	 1	 7
39	 122	 35	 1	 3
39	 114	 32	 2	 5
39	 111	 30	 1	 8
40	 129	 38	 2	 0
40	 118	 33	 1	 6
41	 135	 39	 1	 1
41	 132	 38	 1	 2
41	 127	 38	 1	 2
41	 134	 38	 1	 2
41	 130	 38	 1	 2
41	 124	 38	 1	 2
41	 120	 34	 1	 6
42	 138	 39	 2	 1
42	 131	 38	 2	 2
42	 126	 38	 2	 2
43	 136	 39	 1	 3
43	 125	 38	 1	 4
45	 133	 38	 3	 4
45	 139	 39	 1	 5
45	 137	 39	 1	 5
47	 121	 35	 1	 11
52	 123	 36	 1	 15
................................................
................................................
Region A:
	Orders: 31 [Norm: 4 , Froz: 11, VIP: 16]
	Motors: 5[Norm: 0 , Froz: 1, VIP: 4]
	Avg Wait = 1, Avg Serv = 4
Region B:
	Orders: 21 [Norm: 4 , Froz: 10, VIP: 7]
	Motors: 16[Norm: 6 , Froz: 3, VIP: 7]
	Avg Wait = 1, Avg Serv = 2
Region C:
	Orders: 37 [Norm: 6 , Froz: 16, VIP: 15]
	Motors: 10[Norm: 2 , Froz: 4, VIP: 4]
	Avg Wait = 1, Avg Serv = 4
Region D:
	Orders: 32 [Norm: 3 , Froz: 11, VIP: 18]
	Motors: 10[Norm: 2 , Froz: 3, VIP: 5]
	Avg Wait = 1, Avg Serv = 2


Total Information for the whole restaurant:
	Orders: 121
	Motors: 41
	Avg Wait = 1 , Avg Serv = 3